RAN ./a.out normal1.txt
a 0
d 10
b 110
c 111
----------------------------------------
10 110 0 111 0 0 10 
----------------------------------------
There are a total of 7 symbols that are encoded.
There are 4 distinct symbols used.
There were 56 bits in the original file.
There were 13 bits in the compressed file.
This gives a compression ratio of 4.30769
The cost of the Huffman tree is 1.85714 bits per character.

RAN ./a.out normal2.txt

i 00
s 0100
, 01010
b 01011
u 01100
m 01101
f 01110
p 01111
t 100
o 1010
e 1011
space 11
----------------------------------------
00 01110 11 00 100 11 00 0100 11 100 1010 11 01011 1011 01010 11 00 100 11 00 0100 11 01100 01111 11 100 1010 11 01101 1011 
----------------------------------------
There are a total of 30 symbols that are encoded.
There are 12 distinct symbols used.
There were 240 bits in the original file.
There were 94 bits in the compressed file.
This gives a compression ratio of 2.55319
The cost of the Huffman tree is 3.13333 bits per character.

RAN ./a.out normal3.txt

space 00
p 010000
S 0100010
b 0100011
m 01001
w 01010
l 01011
" 01100000
A 011000010
x 011000011
) 011000100
- 011000101
; 01100011
f 0110010
v 01100110
M 011001110
N 011001111
u 01101
d 01110
, 011110
g 011111
a 1000
s 1001
r 10100
h 10101
c 10110
y 101110
I 1011110
. 1011111
n 1100
i 1101
t 1110
o 1111
----------------------------------------
011001111 1111 01010 011110 00 1100 1000 1110 01101 10100 1000 01011 01011 101110 011110 00 1101 1100 00 01010 10100 1101 1110 1101 1100 011111 00 1001 01101 10110 10101 00 1000 00 1001 1110 1111 10100 101110 00 1000 1001 00 1110 10101 1101 1001 011110 00 01010 1101 1110 10101 00 1101 1110 1001 00 10110 1111 1100 01110 1101 1110 1101 1111 1100 1001 00 1000 1001 00 01011 1000 1101 01110 00 01110 1111 01010 1100 00 1101 1100 00 1101 1110 1001 00 1011110 1100 1110 10100 1111 01110 01101 10110 1110 1101 1111 1100 011110 00 1101 1110 00 1101 1001 00 1100 1111 1110 00 1001 01101 10100 010000 10100 1101 1001 1101 1100 011111 00 1110 10101 1000 1110 00 1000 1100 00 1111 10110 10110 1000 1001 1101 1111 1100 1000 01011 00 01100000 10100 1111 01101 011111 10101 00 1001 010000 1111 1110 01100000 00 1101 1100 00 10110 1111 01001 010000 1111 1001 1101 1110 1101 1111 1100 00 1101 1001 00 0110010 1111 01101 1100 01110 1011111 00 0100010 1111 00 1011110 00 1110 10100 01101 1001 1110 00 1110 10101 1000 1110 00 1000 00 10110 10100 1101 1110 1101 10110 1000 01011 00 010000 01101 0100011 01011 1101 10110 00 01010 1101 01011 01011 00 10101 1111 01011 01110 00 10110 1111 1100 1001 1110 1000 1100 1110 01011 101110 00 1101 1100 00 01001 1101 1100 01110 00 1110 10101 1000 1110 00 1011110 00 1000 01001 00 01100110 1111 01011 01101 1100 1110 1000 10100 1101 01011 101110 00 1000 01100110 1111 1101 01110 1101 1100 011111 00 01010 1111 10100 01110 1001 00 10110 1111 1100 1110 1000 1101 1100 1101 1100 011111 00 1110 10101 1000 1110 00 1001 101110 01001 0100011 1111 01011 00 01010 10101 1101 10110 10101 00 1101 1001 011110 00 0100011 101110 00 0110010 1000 10100 011110 00 1111 0110010 00 01001 1111 1001 1110 00 10110 1111 01001 01001 1111 1100 00 1101 1100 10110 01011 01101 1001 1101 1111 1100 00 1101 1100 00 01010 10100 1101 1110 1101 1100 011111 00 1111 01101 10100 00 011000010 1100 011111 01011 1111 011000101 0100010 1000 011000011 1111 1100 00 1000 1001 00 1101 1110 00 1101 1001 011110 00 1110 1111 01110 1000 101110 1011111 00 011001110 1000 1100 101110 00 1111 0110010 00 1111 01101 10100 00 01001 1111 1001 1110 00 10110 1111 01001 01001 1111 1100 00 01010 1111 10100 01110 1001 00 10110 1000 1100 1100 1111 1110 00 1001 10101 1111 01010 01100011 00 1001 1111 00 1011110 00 01001 01101 1001 1110 00 1000 01110 1111 010000 1110 00 1001 101110 1100 1111 1100 101110 01001 1001 01100011 00 1000 1100 01110 00 1001 1111 00 1110 01010 1101 1001 1110 00 1000 00 1110 10101 1111 01101 011111 10101 1110 00 1000 10100 1111 01101 1100 01110 00 1000 1001 00 1110 1111 00 1001 1000 101110 00 01010 10101 1000 1110 00 1011110 00 01010 1101 1001 10101 00 01010 1101 1110 10101 00 1000 1001 00 01001 01101 10110 10101 00 10110 01011 1000 10100 1101 1110 101110 00 1000 1001 00 1011110 00 10110 1000 1100 1011111 011000100 00 0100010 1111 011110 00 1100 1111 01010 00 1110 1111 00 011111 1111 00 1111 1100 00 01010 1101 1110 10101 00 1110 10101 1101 1001 00 1111 01110 01110 00 10110 1111 1100 1110 10100 1000 010000 1110 1101 1111 1100 1011111 1011111 1011111 
----------------------------------------
There are a total of 589 symbols that are encoded.
There are 33 distinct symbols used.
There were 4712 bits in the original file.
There were 2466 bits in the compressed file.
This gives a compression ratio of 1.91079
The cost of the Huffman tree is 4.18676 bits per character.


RAN ./a.out normal4.txt
r 0000
m 00010
l 00011
a 0010
s 0011
e 010
v 011000
f 011001
h 01101
o 0111
G 1000000
, 1000001
. 1000010
C 10000110
T 10000111
k 10001000
- 10001001
E 10001010
W 10001011
R 1000110
g 1000111
i 1001
space 101
p 11000
w 110010
j 11001100
U 11001101
' 11001110
K 11001111
t 1101
n 1110
u 111100
c 111101
y 111110
d 111111
----------------------------------------
10001011 1001 1101 01101 101 1101 01101 010 101 01101 010 00011 11000 101 0111 011001 101 1000110 0111 00011 00011 0011 10001001 1000110 0111 111110 111101 010 1000001 101 11001101 1110 1001 011000 010 0000 0011 1001 1101 111110 101 10001010 1110 1000111 1001 1110 010 010 0000 1001 1110 1000111 101 0010 1110 111111 101 10000110 0111 00010 00010 010 0000 111101 010 101 0011 1101 111100 111111 010 1110 1101 0011 101 110010 1001 00011 00011 101 010 1110 11001100 0111 111110 101 1110 010 110010 101 0111 11000 11000 0111 0000 1101 111100 1110 1001 1101 1001 010 0011 101 011001 0000 0111 00010 101 0010 101 11000 0010 0000 1101 1110 010 0000 0011 01101 1001 11000 101 1101 01101 0010 1101 101 1001 0011 101 11000 0010 0000 1101 101 0111 011001 101 1101 01101 010 101 111101 0111 00010 11000 0010 1110 111110 11001110 0011 101 0011 1101 0010 1101 010 110010 1001 111111 010 101 1001 1110 011000 010 0011 1101 00010 010 1110 1101 101 1001 1110 101 1101 01101 010 101 0010 010 0000 0111 0011 11000 0010 111101 010 101 1001 1110 111111 111100 0011 1101 0000 111110 1000001 101 1000000 0111 011000 1000010 101 10000111 1001 00010 101 11001111 0010 1001 1110 010 101 0010 1110 1110 0111 111100 1110 111101 010 111111 101 00011 0010 0011 1101 101 110010 010 010 10001000 1000010 
----------------------------------------
There are a total of 236 symbols that are encoded.
There are 35 distinct symbols used.
There were 1888 bits in the original file.
There were 1037 bits in the compressed file.
This gives a compression ratio of 1.82064
The cost of the Huffman tree is 4.39407 bits per character.
